48
AVC171          0.000000000 0.001154131 0.001112282 0.001214758 0.001149344 0.001079551 0.001139765 0.001092986 0.001109403 0.001149422 0.001201937 0.001104495 0.001148933 0.001123886 0.001118778 0.001145334 0.001148110 0.001156343 0.001147860 0.001121431 0.001156827 0.001132429 0.001140725 0.001146366 0.001120385 0.001128514 0.001153921 0.001160804 0.001181462 0.001185808 0.001156324 0.001161388 0.001129229 0.001170114 0.001145387 0.001117073 0.001117921 0.001118270 0.001123091 0.001169659 0.001119694 0.001119128 0.000066542 0.000044925 0.001155381 0.001149325 0.001125206 0.001151457 
ESC_BA8511AA_AS 0.001154131 0.000000000 0.000049591 0.000092059 0.000058387 0.000057087 0.000031876 0.000059643 0.000047821 0.000045821 0.000079945 0.000051474 0.000035779 0.000047842 0.000046420 0.000036732 0.000056454 0.000057239 0.000058707 0.000041533 0.000052709 0.000049838 0.000032440 0.000033061 0.000024356 0.000047545 0.000041584 0.000036024 0.000065360 0.000057685 0.000050296 0.000035712 0.000054192 0.000068404 0.000050142 0.000045826 0.000046114 0.000046388 0.000042271 0.000041800 0.000048414 0.000046141 0.001152688 0.001127901 0.000035739 0.000037977 0.000049739 0.000017757 
ESC_GA5350AA_AS 0.001112282 0.000049591 0.000000000 0.000108157 0.000065554 0.000031356 0.000048909 0.000030512 0.000020145 0.000062001 0.000098528 0.000024625 0.000053850 0.000066412 0.000066378 0.000055204 0.000076884 0.000073284 0.000078944 0.000063042 0.000076189 0.000065008 0.000049262 0.000055325 0.000026910 0.000064030 0.000059904 0.000054137 0.000086229 0.000076770 0.000063732 0.000055815 0.000074548 0.000084140 0.000045976 0.000065762 0.000066057 0.000066343 0.000068085 0.000067641 0.000066688 0.000066088 0.001112520 0.001082864 0.000053795 0.000053844 0.000055942 0.000055658 
ESC_GB6943AA_AS 0.001214758 0.000092059 0.000108157 0.000000000 0.000111782 0.000110745 0.000082826 0.000108755 0.000106765 0.000065386 0.000113918 0.000092740 0.000060373 0.000073037 0.000071532 0.000055961 0.000063607 0.000073684 0.000061271 0.000064445 0.000079409 0.000070377 0.000062560 0.000069945 0.000082296 0.000066547 0.000060676 0.000060023 0.000042287 0.000033745 0.000068919 0.000068114 0.000077984 0.000088379 0.000096548 0.000069152 0.000071200 0.000071485 0.000070093 0.000069654 0.000073636 0.000071240 0.001203474 0.001180393 0.000058585 0.000060637 0.000108779 0.000074211 
ESC_HA6332AA_AS 0.001149344 0.000058387 0.000065554 0.000111782 0.000000000 0.000057374 0.000052345 0.000057070 0.000063709 0.000050660 0.000084548 0.000058829 0.000057315 0.000062360 0.000061188 0.000058387 0.000071550 0.000058529 0.000073859 0.000055911 0.000055426 0.000051657 0.000062331 0.000068506 0.000039502 0.000059481 0.000063378 0.000066159 0.000094010 0.000089232 0.000055183 0.000071270 0.000069230 0.000076410 0.000064525 0.000060570 0.000060869 0.000061148 0.000056924 0.000056466 0.000063253 0.000060902 0.001159473 0.001113812 0.000057254 0.000057306 0.000022220 0.000059121 
ESC_HA6342AA_AS 0.001079551 0.000057087 0.000031356 0.000110745 0.000057374 0.000000000 0.000051320 0.000012248 0.000022221 0.000058073 0.000095288 0.000017210 0.000056289 0.000045561 0.000045538 0.000057654 0.000054435 0.000062336 0.000056133 0.000043412 0.000067856 0.000055116 0.000059935 0.000063203 0.000037155 0.000052777 0.000062354 0.000063152 0.000084510 0.000086156 0.000062172 0.000065645 0.000053327 0.000077135 0.000054031 0.000044946 0.000045507 0.000045782 0.000048329 0.000079070 0.000047812 0.000045814 0.001109855 0.001067037 0.000056228 0.000056279 0.000040371 0.000058097 
ESC_HA6411AA_AS 0.001139765 0.000031876 0.000048909 0.000082826 0.000052345 0.000051320 0.000000000 0.000049580 0.000047714 0.000037493 0.000069835 0.000045741 0.000031079 0.000041651 0.000041629 0.000032282 0.000051543 0.000049242 0.000053780 0.000034886 0.000048984 0.000040538 0.000033177 0.000040075 0.000024301 0.000038587 0.000036816 0.000036211 0.000063829 0.000057848 0.000040812 0.000040034 0.000049309 0.000057356 0.000056534 0.000041052 0.000041329 0.000041603 0.000040266 0.000039796 0.000043600 0.000041353 0.001146157 0.001112057 0.000031044 0.000031072 0.000047357 0.000032759 
ESC_HA6413AA_AS 0.001092986 0.000059643 0.000030512 0.000108755 0.000057070 0.000012248 0.000049580 0.000000000 0.000020884 0.000048790 0.000087403 0.000015625 0.000054524 0.000055621 0.000055594 0.000055878 0.000064394 0.000062323 0.000066402 0.000053162 0.000067541 0.000054826 0.000059016 0.000065502 0.000036294 0.000042684 0.000060564 0.000062225 0.000088672 0.000085167 0.000058438 0.000067951 0.000063552 0.000072134 0.000056296 0.000054989 0.000055278 0.000055556 0.000058139 0.000089428 0.000057635 0.000055305 0.001107689 0.001066034 0.000054467 0.000054514 0.000039787 0.000056323 
ESC_HA6418AA_AS 0.001109403 0.000047821 0.000020145 0.000106765 0.000063709 0.000022221 0.000047714 0.000020884 0.000000000 0.000060774 0.000095340 0.000015649 0.000052643 0.000065183 0.000065151 0.000053987 0.000075622 0.000072024 0.000077668 0.000060077 0.000074324 0.000063782 0.000046391 0.000053544 0.000024190 0.000062808 0.000058671 0.000051232 0.000084931 0.000073709 0.000061044 0.000054883 0.000073281 0.000081645 0.000044523 0.000064529 0.000064826 0.000065107 0.000066244 0.000065795 0.000067238 0.000064862 0.001107594 0.001078075 0.000052586 0.000052634 0.000054733 0.000054436 
ESC_HA6420AA_AS 0.001149422 0.000045821 0.000062001 0.000065386 0.000050660 0.000058073 0.000037493 0.000048790 0.000060774 0.000000000 0.000067529 0.000057294 0.000014849 0.000021876 0.000021866 0.000016471 0.000030230 0.000020603 0.000032644 0.000014073 0.000019576 0.000030011 0.000018218 0.000024319 0.000036726 0.000010685 0.000020886 0.000021650 0.000050827 0.000042534 0.000010174 0.000026650 0.000029168 0.000028464 0.000069218 0.000021322 0.000021328 0.000021589 0.000018989 0.000047673 0.000023469 0.000016379 0.001154978 0.001106614 0.000015350 0.000015364 0.000039931 0.000043448 
ESC_HB8007AA_AS 0.001201937 0.000079945 0.000098528 0.000113918 0.000084548 0.000095288 0.000069835 0.000087403 0.000095340 0.000067529 0.000000000 0.000091097 0.000074397 0.000084036 0.000083996 0.000075871 0.000079131 0.000083631 0.000081476 0.000078226 0.000080357 0.000076414 0.000078645 0.000078694 0.000069567 0.000074837 0.000080659 0.000083802 0.000101593 0.000091301 0.000066960 0.000083345 0.000092441 0.000091425 0.000105269 0.000083350 0.000083659 0.000083952 0.000079526 0.000079097 0.000084311 0.000083692 0.001207252 0.001161678 0.000074317 0.000074381 0.000075814 0.000061404 
ESC_IA0811AA_AS 0.001104495 0.000051474 0.000024625 0.000092740 0.000058829 0.000017210 0.000045741 0.000015625 0.000015649 0.000057294 0.000091097 0.000000000 0.000050645 0.000061651 0.000061621 0.000051976 0.000072010 0.000069590 0.000074046 0.000054637 0.000069340 0.000060484 0.000052806 0.000060045 0.000030340 0.000058439 0.000056647 0.000055993 0.000084872 0.000078672 0.000060772 0.000059976 0.000069690 0.000078705 0.000050926 0.000061010 0.000061300 0.000061579 0.000060206 0.000059754 0.000063692 0.000061333 0.001110885 0.001076675 0.000050593 0.000050635 0.000053768 0.000052430 
ESC_NA3971AA_AS 0.001148933 0.000035779 0.000053850 0.000060373 0.000057315 0.000056289 0.000031079 0.000054524 0.000052643 0.000014849 0.000074397 0.000050645 0.000000000 0.000018786 0.000018776 0.000010252 0.000028171 0.000026536 0.000030868 0.000012290 0.000025473 0.000017730 0.000010712 0.000016449 0.000028940 0.000015890 0.000014641 0.000014096 0.000040385 0.000034628 0.000018518 0.000017229 0.000026045 0.000034245 0.000061563 0.000018242 0.000018504 0.000018764 0.000017472 0.000016978 0.000020634 0.000018512 0.001153534 0.001123336 0.000010722 0.000009182 0.000052272 0.000036943 
ESC_NA3973AA_AS 0.001123886 0.000047842 0.000066412 0.000073037 0.000062360 0.000045561 0.000041651 0.000055621 0.000065183 0.000021876 0.000084036 0.000061651 0.000018786 0.000000000 0.000002012 0.000020431 0.000018832 0.000026235 0.000020679 0.000002521 0.000025394 0.000016930 0.000017969 0.000022994 0.000040882 0.000012758 0.000025971 0.000025910 0.000041977 0.000048161 0.000024808 0.000026974 0.000009454 0.000033840 0.000071341 0.000001509 0.000002012 0.000002263 0.000007874 0.000034242 0.000004810 0.000002264 0.001149232 0.001108841 0.000020868 0.000019572 0.000045824 0.000047671 
ESC_NA3974AA_AS 0.001118778 0.000046420 0.000066378 0.000071532 0.000061188 0.000045538 0.000041629 0.000055594 0.000065151 0.000021866 0.000083996 0.000061621 0.000018776 0.000002012 0.000000000 0.000020425 0.000018826 0.000026221 0.000020669 0.000002773 0.000025123 0.000014841 0.000017960 0.000020883 0.000040859 0.000012751 0.000024870 0.000025640 0.000041693 0.000046755 0.000024795 0.000026936 0.000009449 0.000034126 0.000070145 0.000001509 0.000002011 0.000002263 0.000005827 0.000034222 0.000001006 0.000002263 0.001147218 0.001108282 0.000020858 0.000019296 0.000045513 0.000047646 
ESC_NA3975AA_AS 0.001145334 0.000036732 0.000055204 0.000055961 0.000058387 0.000057654 0.000032282 0.000055878 0.000053987 0.000016471 0.000075871 0.000051976 0.000010252 0.000020431 0.000020425 0.000000000 0.000029905 0.000019650 0.000028266 0.000013897 0.000027716 0.000019368 0.000012306 0.000019147 0.000030132 0.000017520 0.000012078 0.000011795 0.000038297 0.000032549 0.000019642 0.000018870 0.000027754 0.000036280 0.000062965 0.000019887 0.000020151 0.000020413 0.000019111 0.000018622 0.000020955 0.000020161 0.001150939 0.001120887 0.000011799 0.000010252 0.000053612 0.000037904 
ESC_NA3980AA_AS 0.001148110 0.000056454 0.000076884 0.000063607 0.000071550 0.000054435 0.000051543 0.000064394 0.000075622 0.000030230 0.000079131 0.000072010 0.000028171 0.000018832 0.000018826 0.000029905 0.000000000 0.000034701 0.000014086 0.000015969 0.000039336 0.000034355 0.000032193 0.000036580 0.000050775 0.000025448 0.000034441 0.000034922 0.000039386 0.000040537 0.000033792 0.000037621 0.000026117 0.000048651 0.000080726 0.000018291 0.000018292 0.000018554 0.000023313 0.000049601 0.000020664 0.000018294 0.001175062 0.001132668 0.000028688 0.000028714 0.000054134 0.000041758 
ESC_NA3982AA_AS 0.001156343 0.000057239 0.000073284 0.000073684 0.000058529 0.000062336 0.000049242 0.000062323 0.000072024 0.000020603 0.000083631 0.000069590 0.000026536 0.000026235 0.000026221 0.000019650 0.000034701 0.000000000 0.000032770 0.000024123 0.000027392 0.000016203 0.000028924 0.000036022 0.000047360 0.000023544 0.000028432 0.000028137 0.000051873 0.000049690 0.000024338 0.000038399 0.000033628 0.000044448 0.000081520 0.000025647 0.000026204 0.000026467 0.000028897 0.000058301 0.000028388 0.000026487 0.001171856 0.001130024 0.000028121 0.000026536 0.000051246 0.000055381 
ESC_NA3992AA_AS 0.001147860 0.000058707 0.000078944 0.000061271 0.000073859 0.000056133 0.000053780 0.000066402 0.000077668 0.000032644 0.000081476 0.000074046 0.000030868 0.000020679 0.000020669 0.000028266 0.000014086 0.000032770 0.000000000 0.000018604 0.000041842 0.000029768 0.000034356 0.000037423 0.000053014 0.000027578 0.000031684 0.000033559 0.000037460 0.000039166 0.000036503 0.000039801 0.000027993 0.000050626 0.000082782 0.000020126 0.000020655 0.000020917 0.000023313 0.000052431 0.000022803 0.000020932 0.001178280 0.001135744 0.000030836 0.000030864 0.000056387 0.000043952 
ESC_NA3999AA_AS 0.001121431 0.000041533 0.000063042 0.000064445 0.000055911 0.000043412 0.000034886 0.000053162 0.000060077 0.000014073 0.000078226 0.000054637 0.000012290 0.000002521 0.000002773 0.000013897 0.000015969 0.000024123 0.000018604 0.000000000 0.000017747 0.000014083 0.000013296 0.000019069 0.000035992 0.000010451 0.000018317 0.000022760 0.000039562 0.000043749 0.000017728 0.000017726 0.000009729 0.000030120 0.000065626 0.000002269 0.000002521 0.000002773 0.000004816 0.000002274 0.000005327 0.000002521 0.001148792 0.001109945 0.000014357 0.000012808 0.000042825 0.000040816 
ESC_NA4000AA_AS 0.001156827 0.000052709 0.000076189 0.000079409 0.000055426 0.000067856 0.000048984 0.000067541 0.000074324 0.000019576 0.000080357 0.000069340 0.000025473 0.000025394 0.000025123 0.000027716 0.000039336 0.000027392 0.000041842 0.000017747 0.000000000 0.000018024 0.000026187 0.000033520 0.000049557 0.000023540 0.000031701 0.000034611 0.000060738 0.000056189 0.000024327 0.000038398 0.000032535 0.000039164 0.000082385 0.000024583 0.000024846 0.000025111 0.000023529 0.000020668 0.000027551 0.000024854 0.001161575 0.001119385 0.000027864 0.000026278 0.000056647 0.000053685 
ESC_NA4003AA_AS 0.001132429 0.000049838 0.000065008 0.000070377 0.000051657 0.000055116 0.000040538 0.000054826 0.000063782 0.000030011 0.000076414 0.000060484 0.000017730 0.000016930 0.000014841 0.000019368 0.000034355 0.000016203 0.000029768 0.000014083 0.000018024 0.000000000 0.000015637 0.000023295 0.000039534 0.000011480 0.000023812 0.000026753 0.000055185 0.000047915 0.000017983 0.000030218 0.000022004 0.000034722 0.000073758 0.000014315 0.000019002 0.000019262 0.000017185 0.000045801 0.000019799 0.000014842 0.001145555 0.001107232 0.000019809 0.000018249 0.000042177 0.000046539 
ESC_NA4004AA_AS 0.001140725 0.000032440 0.000049262 0.000062560 0.000062331 0.000059935 0.000033177 0.000059016 0.000046391 0.000018218 0.000078645 0.000052806 0.000010712 0.000017969 0.000017960 0.000012306 0.000032193 0.000028924 0.000034356 0.000013296 0.000026187 0.000015637 0.000000000 0.000006351 0.000023008 0.000015349 0.000016701 0.000009938 0.000040325 0.000030225 0.000018993 0.000012259 0.000025201 0.000032223 0.000055200 0.000017429 0.000017690 0.000017950 0.000018990 0.000018502 0.000018228 0.000017698 0.001137044 0.001111451 0.000012767 0.000011225 0.000053391 0.000039066 
ESC_NA4005AA_AS 0.001146366 0.000033061 0.000055325 0.000069945 0.000068506 0.000063203 0.000040075 0.000065502 0.000053544 0.000024319 0.000078694 0.000060045 0.000016449 0.000022994 0.000020883 0.000019147 0.000036580 0.000036022 0.000037423 0.000019069 0.000033520 0.000023295 0.000006351 0.000000000 0.000029774 0.000021160 0.000023332 0.000017501 0.000045113 0.000038234 0.000030746 0.000014879 0.000028197 0.000043538 0.000053344 0.000020346 0.000020608 0.000020871 0.000020856 0.000020115 0.000022747 0.000020617 0.001144710 0.001125993 0.000019327 0.000017766 0.000054378 0.000046084 
ESC_NA4035AA_AS 0.001120385 0.000024356 0.000026910 0.000082296 0.000039502 0.000037155 0.000024301 0.000036294 0.000024190 0.000036726 0.000069567 0.000030340 0.000028940 0.000040882 0.000040859 0.000030132 0.000050775 0.000047360 0.000053014 0.000035992 0.000049557 0.000039534 0.000023008 0.000029774 0.000000000 0.000038649 0.000034659 0.000027602 0.000059580 0.000048838 0.000036982 0.000031086 0.000048543 0.000056500 0.000032586 0.000040291 0.000040562 0.000040834 0.000041919 0.000041448 0.000042832 0.000040584 0.001117117 0.001091157 0.000030259 0.000028940 0.000030893 0.000030611 
ESC_NA4045AA_AS 0.001128514 0.000047545 0.000064030 0.000066547 0.000059481 0.000052777 0.000038587 0.000042684 0.000062808 0.000010685 0.000074837 0.000058439 0.000015890 0.000012758 0.000012751 0.000017520 0.000025448 0.000023544 0.000027578 0.000010451 0.000023540 0.000011480 0.000015349 0.000021160 0.000038649 0.000000000 0.000021942 0.000023504 0.000047796 0.000044496 0.000020053 0.000027770 0.000019864 0.000027655 0.000071039 0.000012226 0.000012485 0.000012743 0.000015080 0.000043509 0.000014579 0.000012491 0.001142521 0.001101169 0.000016393 0.000016407 0.000042162 0.000044562 
ESC_NA4046AA_AS 0.001153921 0.000041584 0.000059904 0.000060676 0.000063378 0.000062354 0.000036816 0.000060564 0.000058671 0.000020886 0.000080659 0.000056647 0.000014641 0.000025971 0.000024870 0.000012078 0.000034441 0.000028432 0.000031684 0.000018317 0.000031701 0.000023812 0.000016701 0.000023332 0.000034659 0.000021942 0.000000000 0.000015930 0.000042635 0.000036854 0.000024079 0.000023308 0.000032271 0.000040039 0.000067695 0.000024323 0.000024591 0.000024854 0.000023550 0.000023065 0.000026785 0.000024604 0.001159551 0.001128313 0.000014367 0.000014380 0.000056554 0.000042781 
ESC_NA4048AA_AS 0.001160804 0.000036024 0.000054137 0.000060023 0.000066159 0.000063152 0.000036211 0.000062225 0.000051232 0.000021650 0.000083802 0.000055993 0.000014096 0.000025910 0.000025640 0.000011795 0.000034922 0.000028137 0.000033559 0.000022760 0.000034611 0.000026753 0.000009938 0.000017501 0.000027602 0.000023504 0.000015930 0.000000000 0.000040067 0.000031337 0.000023235 0.000015913 0.000033049 0.000041863 0.000058988 0.000025092 0.000025360 0.000025624 0.000029648 0.000026739 0.000029697 0.000025372 0.001157937 0.001128461 0.000014083 0.000014095 0.000056568 0.000042159 
ESC_NA4052AA_AS 0.001181462 0.000065360 0.000086229 0.000042287 0.000094010 0.000084510 0.000063829 0.000088672 0.000084931 0.000050827 0.000101593 0.000084872 0.000040385 0.000041977 0.000041693 0.000038297 0.000039386 0.000051873 0.000037460 0.000039562 0.000060738 0.000055185 0.000040325 0.000045113 0.000059580 0.000047796 0.000042635 0.000040067 0.000000000 0.000008130 0.000054871 0.000046132 0.000049425 0.000074017 0.000090094 0.000041108 0.000041119 0.000041392 0.000046690 0.000074728 0.000043918 0.000041695 0.001171939 0.001163891 0.000043125 0.000040376 0.000076807 0.000053765 
ESC_NA4053AA_AS 0.001185808 0.000057685 0.000076770 0.000033745 0.000089232 0.000086156 0.000057848 0.000085167 0.000073709 0.000042534 0.000091301 0.000078672 0.000034628 0.000048161 0.000046755 0.000032549 0.000040537 0.000049690 0.000039166 0.000043749 0.000056189 0.000047915 0.000030225 0.000038234 0.000048838 0.000044496 0.000036854 0.000031337 0.000008130 0.000000000 0.000044209 0.000036535 0.000054589 0.000063846 0.000081805 0.000046164 0.000046451 0.000046727 0.000050926 0.000047939 0.000049279 0.000046468 0.001169153 0.001157837 0.000034595 0.000034626 0.000079268 0.000047889 
ESC_NA4055AA_AS 0.001156324 0.000050296 0.000063732 0.000068919 0.000055183 0.000062172 0.000040812 0.000058438 0.000061044 0.000010174 0.000066960 0.000060772 0.000018518 0.000024808 0.000024795 0.000019642 0.000033792 0.000024338 0.000036503 0.000017728 0.000024327 0.000017983 0.000018993 0.000030746 0.000036982 0.000020053 0.000024079 0.000023235 0.000054871 0.000044209 0.000000000 0.000030447 0.000032172 0.000029280 0.000075641 0.000024251 0.000024516 0.000024781 0.000023457 0.000023238 0.000026679 0.000024528 0.001159875 0.001111425 0.000018499 0.000018515 0.000048577 0.000046826 
ESC_NA4056AA_AS 0.001161388 0.000035712 0.000055815 0.000068114 0.000071270 0.000065645 0.000040034 0.000067951 0.000054883 0.000026650 0.000083345 0.000059976 0.000017229 0.000026974 0.000026936 0.000018870 0.000037621 0.000038399 0.000039801 0.000017726 0.000038398 0.000030218 0.000012259 0.000014879 0.000031086 0.000027770 0.000023308 0.000015913 0.000046132 0.000036535 0.000030447 0.000000000 0.000034358 0.000040161 0.000059492 0.000026384 0.000026655 0.000026918 0.000026925 0.000026443 0.000028860 0.000026668 0.001152932 0.001127548 0.000017732 0.000017748 0.000057646 0.000046038 
ESC_NA4061AA_AS 0.001129229 0.000054192 0.000074548 0.000077984 0.000069230 0.000053327 0.000049309 0.000063552 0.000073281 0.000029168 0.000092441 0.000069690 0.000026045 0.000009454 0.000009449 0.000027754 0.000026117 0.000033628 0.000027993 0.000009729 0.000032535 0.000022004 0.000025201 0.000028197 0.000048543 0.000019864 0.000032271 0.000033049 0.000049425 0.000054589 0.000032172 0.000034358 0.000000000 0.000041144 0.000078365 0.000008927 0.000009443 0.000009700 0.000013337 0.000042368 0.000011528 0.000009707 0.001158786 0.001116241 0.000026547 0.000026572 0.000053304 0.000055469 
ESC_NA4063AA_AS 0.001170114 0.000068404 0.000084140 0.000088379 0.000076410 0.000077135 0.000057356 0.000072134 0.000081645 0.000028464 0.000091425 0.000078705 0.000034245 0.000033840 0.000034126 0.000036280 0.000048651 0.000044448 0.000050626 0.000030120 0.000039164 0.000034722 0.000032223 0.000043538 0.000056500 0.000027655 0.000040039 0.000041863 0.000074017 0.000063846 0.000029280 0.000040161 0.000041144 0.000000000 0.000093475 0.000033017 0.000033290 0.000034108 0.000034652 0.000032289 0.000036036 0.000033851 0.001177243 0.001128494 0.000034198 0.000035887 0.000067832 0.000064234 
ESC_NA4064AA_AS 0.001145387 0.000050142 0.000045976 0.000096548 0.000064525 0.000054031 0.000056534 0.000056296 0.000044523 0.000069218 0.000105269 0.000050926 0.000061563 0.000071341 0.000070145 0.000062965 0.000080726 0.000081520 0.000082782 0.000065626 0.000082385 0.000073758 0.000055200 0.000053344 0.000032586 0.000071039 0.000067695 0.000058988 0.000090094 0.000081805 0.000075641 0.000059492 0.000078365 0.000093475 0.000000000 0.000069507 0.000069816 0.000070101 0.000069801 0.000069356 0.000072255 0.000069849 0.001128143 0.001120460 0.000061503 0.000061558 0.000050479 0.000063394 
ESC_NA4066AA_AS 0.001117073 0.000045826 0.000065762 0.000069152 0.000060570 0.000044946 0.000041052 0.000054989 0.000064529 0.000021322 0.000083350 0.000061010 0.000018242 0.000001509 0.000001509 0.000019887 0.000018291 0.000025647 0.000020126 0.000002269 0.000024583 0.000014315 0.000017429 0.000020346 0.000040291 0.000012226 0.000024323 0.000025092 0.000041108 0.000046164 0.000024251 0.000026384 0.000008927 0.000033017 0.000069507 0.000000000 0.000001509 0.000001760 0.000005315 0.000033660 0.000003521 0.000001761 0.001146602 0.001104084 0.000018743 0.000018761 0.000044924 0.000047059 
ESC_NA4067AA_AS 0.001117921 0.000046114 0.000066057 0.000071200 0.000060869 0.000045507 0.000041329 0.000055278 0.000064826 0.000021328 0.000083659 0.000061300 0.000018504 0.000002012 0.000002011 0.000020151 0.000018292 0.000026204 0.000020655 0.000002521 0.000024846 0.000019002 0.000017690 0.000020608 0.000040562 0.000012485 0.000024591 0.000025360 0.000041119 0.000046451 0.000024516 0.000026655 0.000009443 0.000033290 0.000069816 0.000001509 0.000000000 0.000001760 0.000005569 0.000033930 0.000003520 0.000001509 0.001146761 0.001107828 0.000020585 0.000019024 0.000045209 0.000047341 
ESC_NA4068AA_AS 0.001118270 0.000046388 0.000066343 0.000071485 0.000061148 0.000045782 0.000041603 0.000055556 0.000065107 0.000021589 0.000083952 0.000061579 0.000018764 0.000002263 0.000002263 0.000020413 0.000018554 0.000026467 0.000020917 0.000002773 0.000025111 0.000019262 0.000017950 0.000020871 0.000040834 0.000012743 0.000024854 0.000025624 0.000041392 0.000046727 0.000024781 0.000026918 0.000009700 0.000034108 0.000070101 0.000001760 0.000001760 0.000000000 0.000005824 0.000034202 0.000003771 0.000002263 0.001147143 0.001108211 0.000020846 0.000019285 0.000045482 0.000047616 
ESC_NA4069AA_AS 0.001123091 0.000042271 0.000068085 0.000070093 0.000056924 0.000048329 0.000040266 0.000058139 0.000066244 0.000018989 0.000079526 0.000060206 0.000017472 0.000007874 0.000005827 0.000019111 0.000023313 0.000028897 0.000023313 0.000004816 0.000023529 0.000017185 0.000018990 0.000020856 0.000041919 0.000015080 0.000023550 0.000029648 0.000046690 0.000050926 0.000023457 0.000026925 0.000013337 0.000034652 0.000069801 0.000005315 0.000005569 0.000005824 0.000000000 0.000001513 0.000007877 0.000005572 0.001147427 0.001112024 0.000019551 0.000017992 0.000048294 0.000046266 
ESC_NA4070AA_AS 0.001169659 0.000041800 0.000067641 0.000069654 0.000056466 0.000079070 0.000039796 0.000089428 0.000065795 0.000047673 0.000079097 0.000059754 0.000016978 0.000034242 0.000034222 0.000018622 0.000049601 0.000058301 0.000052431 0.000002274 0.000020668 0.000045801 0.000018502 0.000020115 0.000041448 0.000043509 0.000023065 0.000026739 0.000074728 0.000047939 0.000023238 0.000026443 0.000042368 0.000032289 0.000069356 0.000033660 0.000033930 0.000034202 0.000001513 0.000000000 0.000036170 0.000033945 0.001149269 0.001110245 0.000019062 0.000017502 0.000079018 0.000045797 
ESC_NA4071AA_AS 0.001119694 0.000048414 0.000066688 0.000073636 0.000063253 0.000047812 0.000043600 0.000057635 0.000067238 0.000023469 0.000084311 0.000063692 0.000020634 0.000004810 0.000001006 0.000020955 0.000020664 0.000028388 0.000022803 0.000005327 0.000027551 0.000019799 0.000018228 0.000022747 0.000042832 0.000014579 0.000026785 0.000029697 0.000043918 0.000049279 0.000026679 0.000028860 0.000011528 0.000036036 0.000072255 0.000003521 0.000003520 0.000003771 0.000007877 0.000036170 0.000000000 0.000002515 0.001147634 0.001114276 0.000021128 0.000019566 0.000045819 0.000049654 
ESC_NA4072AA_AS 0.001119128 0.000046141 0.000066088 0.000071240 0.000060902 0.000045814 0.000041353 0.000055305 0.000064862 0.000016379 0.000083692 0.000061333 0.000018512 0.000002264 0.000002263 0.000020161 0.000018294 0.000026487 0.000020932 0.000002521 0.000024854 0.000014842 0.000017698 0.000020617 0.000040584 0.000012491 0.000024604 0.000025372 0.000041695 0.000046468 0.000024528 0.000026668 0.000009707 0.000033851 0.000069849 0.000001761 0.000001509 0.000002263 0.000005572 0.000033945 0.000002515 0.000000000 0.001147055 0.001108112 0.000020594 0.000019034 0.000045234 0.000047367 
ESC_SA8250AA_AS 0.000066542 0.001152688 0.001112520 0.001203474 0.001159473 0.001109855 0.001146157 0.001107689 0.001107594 0.001154978 0.001207252 0.001110885 0.001153534 0.001149232 0.001147218 0.001150939 0.001175062 0.001171856 0.001178280 0.001148792 0.001161575 0.001145555 0.001137044 0.001144710 0.001117117 0.001142521 0.001159551 0.001157937 0.001171939 0.001169153 0.001159875 0.001152932 0.001158786 0.001177243 0.001128143 0.001146602 0.001146761 0.001147143 0.001147427 0.001149269 0.001147634 0.001147055 0.000000000 0.000056328 0.001153654 0.001154455 0.001151280 0.001156420 
ESC_SA8273AA_AS 0.000044925 0.001127901 0.001082864 0.001180393 0.001113812 0.001067037 0.001112057 0.001066034 0.001078075 0.001106614 0.001161678 0.001076675 0.001123336 0.001108841 0.001108282 0.001120887 0.001132668 0.001130024 0.001135744 0.001109945 0.001119385 0.001107232 0.001111451 0.001125993 0.001091157 0.001101169 0.001128313 0.001128461 0.001163891 0.001157837 0.001111425 0.001127548 0.001116241 0.001128494 0.001120460 0.001104084 0.001107828 0.001108211 0.001112024 0.001110245 0.001114276 0.001108112 0.000056328 0.000000000 0.001120986 0.001121589 0.001110905 0.001125837 
ESC_SA8291AA_AS 0.001155381 0.000035739 0.000053795 0.000058585 0.000057254 0.000056228 0.000031044 0.000054467 0.000052586 0.000015350 0.000074317 0.000050593 0.000010722 0.000020868 0.000020858 0.000011799 0.000028688 0.000028121 0.000030836 0.000014357 0.000027864 0.000019809 0.000012767 0.000019327 0.000030259 0.000016393 0.000014367 0.000014083 0.000043125 0.000034595 0.000018499 0.000017732 0.000026547 0.000034198 0.000061503 0.000018743 0.000020585 0.000020846 0.000019551 0.000019062 0.000021128 0.000020594 0.001153654 0.001120986 0.000000000 0.000002013 0.000052220 0.000038558 
ESC_SA8296AA_AS 0.001149325 0.000037977 0.000053844 0.000060637 0.000057306 0.000056279 0.000031072 0.000054514 0.000052634 0.000015364 0.000074381 0.000050635 0.000009182 0.000019572 0.000019296 0.000010252 0.000028714 0.000026536 0.000030864 0.000012808 0.000026278 0.000018249 0.000011225 0.000017766 0.000028940 0.000016407 0.000014380 0.000014095 0.000040376 0.000034626 0.000018515 0.000017748 0.000026572 0.000035887 0.000061558 0.000018761 0.000019024 0.000019285 0.000017992 0.000017502 0.000019566 0.000019034 0.001154455 0.001121589 0.000002013 0.000000000 0.000054264 0.000036943 
ESC_SA8312AA_AS 0.001125206 0.000049739 0.000055942 0.000108779 0.000022220 0.000040371 0.000047357 0.000039787 0.000054733 0.000039931 0.000075814 0.000053768 0.000052272 0.000045824 0.000045513 0.000053612 0.000054134 0.000051246 0.000056387 0.000042825 0.000056647 0.000042177 0.000053391 0.000054378 0.000030893 0.000042162 0.000056554 0.000056568 0.000076807 0.000079268 0.000048577 0.000057646 0.000053304 0.000067832 0.000050479 0.000044924 0.000045209 0.000045482 0.000048294 0.000079018 0.000045819 0.000045234 0.001151280 0.001110905 0.000052220 0.000054264 0.000000000 0.000054059 
ESC_VA0598AA_AS 0.001151457 0.000017757 0.000055658 0.000074211 0.000059121 0.000058097 0.000032759 0.000056323 0.000054436 0.000043448 0.000061404 0.000052430 0.000036943 0.000047671 0.000047646 0.000037904 0.000041758 0.000055381 0.000043952 0.000040816 0.000053685 0.000046539 0.000039066 0.000046084 0.000030611 0.000044562 0.000042781 0.000042159 0.000053765 0.000047889 0.000046826 0.000046038 0.000055469 0.000064234 0.000063394 0.000047059 0.000047341 0.000047616 0.000046266 0.000045797 0.000049654 0.000047367 0.001156420 0.001125837 0.000038558 0.000036943 0.000054059 0.000000000 
