48
AVC171          0.0000000 1.7347019 1.6525942 1.7947145 1.7503238 1.6181728 1.7434982 1.6150673 1.6407166 1.7340665 1.8507825 1.6412527 1.7624752 1.7474533 1.7475506 1.7658235 1.7916642 1.7822426 1.7984301 1.7437311 1.7697346 1.7411517 1.7516045 1.7580034 1.6748692 1.7418448 1.7851145 1.7711605 1.8618098 1.8634242 1.7453224 1.7518046 1.7845476 1.8321579 1.7379968 1.7440901 1.7451169 1.7459765 1.7468188 1.7442573 1.7490876 1.7460306 0.0550883 0.0352759 1.7604432 1.7638771 1.7375321 1.7671058 
ESC_BA8511AA_AS 1.7347019 0.0000000 0.0490970 0.0396433 0.0478084 0.0456202 0.0266646 0.0456015 0.0459317 0.0303530 0.0627659 0.0462473 0.0309571 0.0340515 0.0343582 0.0321899 0.0446642 0.0424477 0.0468606 0.0334331 0.0411920 0.0325075 0.0288123 0.0300343 0.0193225 0.0328163 0.0371434 0.0340446 0.0555080 0.0558313 0.0337404 0.0288116 0.0427640 0.0554390 0.0443523 0.0337427 0.0340511 0.0343599 0.0343595 0.0337424 0.0346672 0.0340513 1.7491104 1.7131967 0.0309621 0.0309547 0.0424623 0.0129522 
ESC_GA5350AA_AS 1.6525942 0.0490970 0.0000000 0.0664398 0.0593214 0.0226836 0.0528875 0.0227039 0.0229850 0.0567212 0.0904542 0.0232939 0.0573888 0.0605731 0.0608776 0.0586593 0.0716703 0.0693376 0.0739404 0.0599111 0.0679777 0.0589560 0.0551316 0.0564196 0.0303203 0.0592743 0.0638216 0.0605779 0.0830217 0.0833610 0.0602339 0.0551350 0.0696749 0.0828814 0.0481627 0.0602296 0.0605482 0.0608669 0.0608732 0.0602296 0.0612030 0.0605575 1.6665821 1.6310873 0.0573824 0.0574038 0.0538955 0.0577346 
ESC_GB6943AA_AS 1.7947145 0.0396433 0.0664398 0.0000000 0.0650878 0.0628738 0.0433890 0.0628326 0.0631923 0.0175054 0.0617223 0.0635134 0.0180754 0.0211453 0.0214566 0.0138509 0.0145148 0.0238593 0.0130103 0.0205478 0.0281961 0.0196312 0.0159808 0.0171736 0.0359126 0.0199373 0.0204898 0.0174700 0.0210863 0.0213895 0.0208484 0.0159773 0.0297055 0.0421838 0.0615732 0.0208553 0.0211604 0.0214663 0.0214615 0.0208547 0.0217586 0.0211547 1.8093812 1.7733062 0.0180878 0.0180628 0.0596339 0.0306641 
ESC_HA6332AA_AS 1.7503238 0.0478084 0.0593214 0.0650878 0.0000000 0.0481764 0.0515863 0.0481541 0.0561083 0.0478165 0.0811150 0.0564270 0.0560698 0.0516188 0.0519238 0.0573362 0.0625579 0.0602633 0.0648035 0.0509706 0.0589367 0.0500252 0.0538218 0.0551044 0.0291075 0.0503404 0.0624796 0.0592484 0.0816080 0.0819460 0.0512884 0.0538251 0.0605938 0.0736243 0.0468798 0.0512861 0.0516014 0.0519168 0.0519211 0.0512860 0.0522439 0.0516079 1.7858530 1.7287848 0.0560638 0.0560840 0.0184195 0.0564129 
ESC_HA6342AA_AS 1.6181728 0.0456202 0.0226836 0.0628738 0.0481764 0.0000000 0.0493956 0.0032633 0.0105799 0.0456281 0.0788749 0.0108834 0.0538704 0.0494251 0.0497308 0.0551359 0.0603442 0.0580551 0.0625874 0.0487792 0.0567346 0.0478345 0.0516274 0.0529071 0.0269349 0.0481494 0.0602710 0.0570460 0.0793609 0.0796981 0.0490964 0.0516304 0.0583845 0.0713928 0.0449997 0.0490946 0.0494096 0.0497248 0.0497286 0.0490945 0.0500502 0.0494154 1.6527902 1.5966322 0.0538653 0.0538834 0.0428098 0.0542107 
ESC_HA6411AA_AS 1.7434982 0.0266646 0.0528875 0.0433890 0.0515863 0.0493956 0.0000000 0.0493718 0.0497083 0.0340528 0.0666022 0.0500246 0.0346658 0.0377667 0.0380723 0.0359016 0.0484316 0.0462018 0.0506348 0.0371428 0.0449325 0.0362148 0.0325083 0.0337379 0.0229921 0.0365243 0.0408763 0.0377618 0.0593308 0.0596560 0.0374519 0.0325083 0.0465207 0.0592515 0.0481223 0.0374530 0.0377624 0.0380720 0.0380727 0.0374528 0.0383832 0.0377640 1.7579067 1.7220635 0.0346689 0.0346663 0.0462241 0.0349722 
ESC_HA6413AA_AS 1.6150673 0.0456015 0.0227039 0.0628326 0.0481541 0.0032633 0.0493718 0.0000000 0.0100065 0.0456094 0.0788148 0.0109131 0.0538406 0.0494012 0.0497065 0.0551045 0.0603060 0.0580199 0.0625465 0.0487562 0.0567011 0.0478127 0.0516005 0.0528785 0.0269470 0.0481272 0.0602330 0.0570121 0.0793000 0.0796369 0.0490729 0.0516035 0.0583488 0.0713413 0.0449820 0.0490711 0.0493857 0.0497005 0.0497042 0.0490710 0.0500254 0.0493915 1.6495989 1.5935670 0.0538355 0.0538535 0.0427952 0.0541804 
ESC_HA6418AA_AS 1.6407166 0.0459317 0.0229850 0.0631923 0.0561083 0.0105799 0.0497083 0.0100065 0.0000000 0.0535246 0.0870974 0.0111787 0.0541852 0.0573582 0.0576629 0.0554511 0.0683974 0.0660786 0.0706583 0.0567012 0.0647308 0.0557498 0.0519411 0.0532215 0.0272393 0.0560669 0.0605883 0.0573619 0.0796871 0.0800245 0.0570222 0.0519441 0.0664134 0.0795551 0.0453113 0.0570186 0.0573360 0.0576535 0.0576591 0.0570186 0.0579863 0.0573443 1.6546335 1.6192276 0.0541800 0.0541984 0.0507034 0.0545260 
ESC_HA6420AA_AS 1.7340665 0.0303530 0.0567212 0.0175054 0.0478165 0.0456281 0.0340528 0.0456094 0.0535246 0.0000000 0.0621261 0.0538420 0.0085202 0.0043976 0.0046825 0.0103173 0.0150433 0.0129602 0.0171700 0.0038052 0.0112181 0.0029504 0.0064520 0.0076370 0.0266673 0.0032336 0.0151031 0.0121222 0.0328048 0.0331158 0.0046792 0.0064496 0.0126474 0.0247655 0.0519302 0.0040947 0.0043842 0.0046753 0.0046786 0.0040943 0.0049771 0.0043884 1.7693970 1.7125763 0.0091292 0.0091111 0.0424699 0.0387094 
ESC_HB8007AA_AS 1.8507825 0.0627659 0.0904542 0.0617223 0.0811150 0.0788749 0.0666022 0.0788148 0.0870974 0.0621261 0.0000000 0.0874262 0.0705321 0.0660008 0.0663046 0.0718171 0.0592092 0.0748219 0.0614367 0.0653318 0.0734447 0.0643725 0.0682310 0.0695445 0.0589486 0.0646922 0.0770620 0.0737605 0.0780903 0.0784251 0.0656569 0.0682360 0.0751627 0.0884531 0.0854255 0.0656516 0.0659716 0.0662917 0.0662992 0.0656516 0.0666325 0.0659825 1.8849525 1.8294799 0.0705211 0.0705541 0.0755595 0.0537608 
ESC_IA0811AA_AS 1.6412527 0.0462473 0.0232939 0.0635134 0.0564270 0.0108834 0.0500246 0.0109131 0.0111787 0.0538420 0.0874262 0.0000000 0.0545032 0.0576769 0.0579815 0.0557694 0.0687202 0.0664004 0.0709818 0.0570195 0.0650515 0.0560678 0.0522581 0.0535391 0.0275503 0.0563850 0.0609083 0.0576806 0.0800146 0.0803521 0.0573406 0.0522612 0.0667354 0.0798818 0.0456269 0.0573369 0.0576544 0.0579719 0.0579776 0.0573369 0.0583050 0.0576628 1.6551667 1.6197721 0.0544979 0.0545166 0.0510208 0.0548445 
ESC_NA3971AA_AS 1.7624752 0.0309571 0.0573888 0.0180754 0.0560698 0.0538704 0.0346658 0.0538406 0.0541852 0.0085202 0.0705321 0.0545032 0.0000000 0.0120967 0.0124065 0.0108784 0.0229455 0.0208195 0.0250970 0.0115114 0.0190487 0.0106094 0.0070314 0.0082062 0.0272621 0.0109110 0.0156671 0.0126824 0.0334211 0.0337329 0.0124127 0.0070285 0.0205040 0.0327994 0.0525873 0.0118161 0.0121164 0.0124181 0.0124119 0.0118150 0.0127031 0.0121085 1.7769954 1.7410244 0.0096932 0.0096730 0.0506744 0.0393358 
ESC_NA3973AA_AS 1.7474533 0.0340515 0.0605731 0.0211453 0.0516188 0.0494251 0.0377667 0.0494012 0.0573582 0.0043976 0.0660008 0.0576769 0.0120967 0.0000000 0.0018664 0.0139098 0.0186733 0.0165691 0.0208136 0.0026804 0.0100047 0.0018515 0.0052717 0.0064486 0.0303509 0.0021251 0.0187253 0.0157252 0.0365501 0.0368632 0.0082284 0.0094233 0.0102384 0.0226190 0.0557550 0.0013104 0.0015811 0.0018531 0.0018602 0.0013114 0.0021472 0.0015902 1.7828549 1.7259783 0.0127153 0.0126887 0.0462490 0.0424593 
ESC_NA3974AA_AS 1.7475506 0.0343582 0.0608776 0.0214566 0.0519238 0.0497308 0.0380723 0.0497065 0.0576629 0.0046825 0.0663046 0.0579815 0.0124065 0.0018664 0.0000000 0.0142207 0.0189857 0.0168811 0.0211255 0.0029510 0.0103120 0.0021150 0.0055628 0.0067442 0.0306590 0.0023910 0.0190367 0.0160365 0.0368590 0.0371721 0.0085321 0.0097298 0.0105434 0.0238387 0.0560597 0.0015699 0.0018424 0.0021164 0.0021236 0.0015707 0.0007682 0.0018516 1.7829358 1.7260858 0.0130256 0.0129989 0.0465550 0.0427651 
ESC_NA3975AA_AS 1.7658235 0.0321899 0.0586593 0.0138509 0.0573362 0.0551359 0.0359016 0.0551045 0.0554511 0.0103173 0.0718171 0.0557694 0.0108784 0.0139098 0.0142207 0.0000000 0.0241745 0.0135682 0.0226402 0.0133234 0.0208786 0.0124173 0.0088146 0.0099936 0.0284923 0.0127202 0.0132515 0.0102847 0.0309257 0.0312363 0.0136200 0.0088108 0.0223432 0.0346644 0.0538510 0.0136288 0.0139303 0.0142330 0.0142266 0.0136278 0.0145181 0.0139223 1.7803486 1.7443915 0.0108906 0.0108669 0.0519353 0.0405811 
ESC_NA3980AA_AS 1.7916642 0.0446642 0.0716703 0.0145148 0.0625579 0.0603442 0.0484316 0.0603060 0.0683974 0.0150433 0.0592092 0.0687202 0.0229455 0.0186733 0.0189857 0.0241745 0.0000000 0.0269126 0.0141790 0.0180789 0.0257187 0.0171635 0.0208258 0.0220329 0.0409129 0.0174692 0.0290910 0.0260210 0.0297080 0.0300167 0.0177679 0.0208234 0.0272179 0.0396806 0.0667659 0.0183864 0.0186912 0.0189968 0.0189913 0.0183857 0.0192868 0.0186844 1.8274145 1.7701770 0.0229552 0.0229365 0.0571107 0.0356029 
ESC_NA3982AA_AS 1.7822426 0.0424477 0.0693376 0.0238593 0.0602633 0.0580551 0.0462018 0.0580199 0.0660786 0.0129602 0.0748219 0.0664004 0.0208195 0.0165691 0.0168811 0.0135682 0.0269126 0.0000000 0.0253684 0.0159792 0.0235812 0.0150684 0.0187132 0.0199126 0.0387093 0.0153727 0.0232459 0.0202113 0.0412627 0.0415793 0.0162772 0.0187103 0.0250656 0.0374711 0.0644539 0.0162856 0.0165888 0.0168930 0.0168869 0.0162848 0.0171802 0.0165812 1.8179313 1.7607505 0.0208305 0.0208089 0.0548355 0.0509781 
ESC_NA3992AA_AS 1.7984301 0.0468606 0.0739404 0.0130103 0.0648035 0.0625874 0.0506348 0.0625465 0.0706583 0.0171700 0.0614367 0.0709818 0.0250970 0.0208136 0.0211255 0.0226402 0.0141790 0.0253684 0.0000000 0.0202156 0.0278748 0.0192978 0.0229689 0.0241809 0.0431030 0.0196043 0.0263158 0.0244837 0.0281594 0.0284672 0.0205166 0.0229670 0.0293852 0.0418784 0.0690225 0.0205236 0.0208292 0.0211354 0.0211305 0.0205230 0.0214278 0.0208233 1.8341941 1.7769647 0.0251054 0.0250898 0.0593451 0.0377711 
ESC_NA3999AA_AS 1.7437311 0.0334331 0.0599111 0.0205478 0.0509706 0.0487792 0.0371428 0.0487562 0.0567012 0.0038052 0.0653318 0.0570195 0.0115114 0.0026804 0.0029510 0.0133234 0.0180789 0.0159792 0.0202156 0.0000000 0.0088194 0.0012900 0.0046769 0.0058586 0.0297382 0.0015572 0.0181326 0.0151372 0.0359221 0.0362347 0.0076383 0.0088355 0.0108519 0.0229217 0.0551004 0.0023774 0.0026569 0.0029381 0.0029447 0.0023779 0.0032399 0.0026656 1.7790845 1.7222702 0.0121295 0.0121035 0.0456082 0.0418261 
ESC_NA4000AA_AS 1.7697346 0.0411920 0.0679777 0.0281961 0.0589367 0.0567346 0.0449325 0.0567011 0.0647308 0.0112181 0.0734447 0.0650515 0.0190487 0.0100047 0.0103120 0.0208786 0.0257187 0.0235812 0.0278748 0.0088194 0.0000000 0.0085208 0.0121254 0.0133098 0.0374676 0.0088208 0.0257460 0.0227091 0.0437717 0.0440886 0.0151358 0.0163441 0.0183801 0.0306329 0.0631120 0.0097220 0.0100210 0.0103216 0.0103163 0.0097207 0.0106083 0.0100141 1.8051721 1.7483358 0.0196714 0.0196483 0.0535273 0.0496871 
ESC_NA4003AA_AS 1.7411517 0.0325075 0.0589560 0.0196312 0.0500252 0.0478345 0.0362148 0.0478127 0.0557498 0.0029504 0.0643725 0.0560678 0.0106094 0.0018515 0.0021150 0.0124173 0.0171635 0.0150684 0.0192978 0.0012900 0.0085208 0.0000000 0.0032348 0.0044023 0.0288147 0.0002502 0.0172195 0.0142285 0.0349859 0.0352980 0.0067448 0.0079386 0.0099576 0.0219981 0.0541507 0.0015554 0.0018275 0.0021014 0.0021086 0.0015563 0.0023982 0.0018367 1.7765068 1.7196771 0.0112253 0.0112008 0.0446670 0.0408907 
ESC_NA4004AA_AS 1.7516045 0.0288123 0.0551316 0.0159808 0.0538218 0.0516274 0.0325083 0.0516005 0.0519411 0.0064520 0.0682310 0.0522581 0.0070314 0.0052717 0.0055628 0.0088146 0.0208258 0.0187132 0.0229689 0.0046769 0.0121254 0.0032348 0.0000000 0.0010474 0.0251300 0.0035200 0.0135850 0.0106116 0.0312457 0.0315560 0.0103398 0.0043935 0.0135548 0.0256928 0.0503495 0.0049718 0.0052646 0.0055593 0.0055606 0.0049710 0.0058590 0.0052662 1.7660485 1.7301811 0.0076319 0.0076215 0.0484445 0.0371526 
ESC_NA4005AA_AS 1.7580034 0.0300343 0.0564196 0.0171736 0.0551044 0.0529071 0.0337379 0.0528785 0.0532215 0.0076370 0.0695445 0.0535391 0.0082062 0.0064486 0.0067442 0.0099936 0.0220329 0.0199126 0.0241809 0.0058586 0.0133098 0.0044023 0.0010474 0.0000000 0.0263445 0.0046917 0.0147712 0.0117932 0.0324855 0.0327967 0.0115232 0.0055673 0.0147404 0.0269155 0.0516262 0.0061560 0.0064496 0.0067451 0.0067441 0.0061548 0.0070392 0.0064481 1.7724947 1.7365604 0.0088107 0.0087941 0.0497166 0.0383973 
ESC_NA4035AA_AS 1.6748692 0.0193225 0.0303203 0.0359126 0.0291075 0.0269349 0.0229921 0.0269470 0.0272393 0.0266673 0.0589486 0.0275503 0.0272621 0.0303509 0.0306590 0.0284923 0.0409129 0.0387093 0.0431030 0.0297382 0.0374676 0.0288147 0.0251300 0.0263445 0.0000000 0.0291228 0.0334253 0.0303418 0.0517026 0.0520243 0.0300437 0.0251286 0.0390231 0.0516443 0.0257006 0.0300471 0.0303548 0.0306628 0.0306612 0.0300468 0.0309661 0.0303534 1.6890292 1.6532712 0.0272692 0.0272567 0.0238621 0.0275545 
ESC_NA4045AA_AS 1.7418448 0.0328163 0.0592743 0.0199373 0.0503404 0.0481494 0.0365243 0.0481272 0.0560669 0.0032336 0.0646922 0.0563850 0.0109110 0.0021251 0.0023910 0.0127202 0.0174692 0.0153727 0.0196043 0.0015572 0.0088208 0.0002502 0.0035200 0.0046917 0.0291228 0.0000000 0.0175245 0.0145322 0.0352981 0.0356104 0.0070430 0.0082385 0.0102564 0.0223064 0.0544672 0.0018258 0.0021007 0.0023774 0.0023845 0.0018267 0.0026765 0.0021100 1.7771944 1.7203767 0.0115276 0.0115026 0.0449808 0.0412026 
ESC_NA4046AA_AS 1.7851145 0.0371434 0.0638216 0.0204898 0.0624796 0.0602710 0.0408763 0.0602330 0.0605883 0.0151031 0.0770620 0.0609083 0.0156671 0.0187253 0.0190367 0.0132515 0.0290910 0.0232459 0.0263158 0.0181326 0.0257460 0.0172195 0.0135850 0.0147712 0.0334253 0.0175245 0.0000000 0.0150653 0.0359193 0.0362328 0.0184315 0.0135811 0.0272399 0.0396614 0.0589760 0.0184392 0.0187431 0.0190478 0.0190422 0.0184385 0.0193369 0.0187363 1.7997379 1.7636932 0.0156803 0.0156535 0.0570453 0.0456041 
ESC_NA4048AA_AS 1.7711605 0.0340446 0.0605779 0.0174700 0.0592484 0.0570460 0.0377618 0.0570121 0.0573619 0.0121222 0.0737605 0.0576806 0.0126824 0.0157252 0.0160365 0.0102847 0.0260210 0.0202113 0.0244837 0.0151372 0.0227091 0.0142285 0.0106116 0.0117932 0.0303418 0.0145322 0.0150653 0.0000000 0.0327967 0.0331082 0.0154344 0.0106075 0.0241835 0.0365341 0.0557580 0.0154430 0.0157453 0.0160486 0.0160424 0.0154421 0.0163346 0.0157375 1.7856971 1.7497541 0.0126957 0.0126692 0.0538376 0.0424568 
ESC_NA4052AA_AS 1.8618098 0.0555080 0.0830217 0.0210863 0.0816080 0.0793609 0.0593308 0.0793000 0.0796871 0.0328048 0.0780903 0.0800146 0.0334211 0.0365501 0.0368590 0.0309257 0.0297080 0.0412627 0.0281594 0.0359221 0.0437717 0.0349859 0.0312457 0.0324855 0.0517026 0.0352981 0.0359193 0.0327967 0.0000000 0.0002527 0.0362335 0.0312455 0.0453681 0.0581794 0.0780256 0.0362350 0.0365470 0.0368593 0.0368596 0.0362348 0.0371721 0.0365482 1.8768411 1.8404165 0.0334248 0.0334206 0.0760339 0.0462542 
ESC_NA4053AA_AS 1.8634242 0.0558313 0.0833610 0.0213895 0.0819460 0.0796981 0.0596560 0.0796369 0.0800245 0.0331158 0.0784251 0.0803521 0.0337329 0.0368632 0.0371721 0.0312363 0.0300167 0.0415793 0.0284672 0.0362347 0.0440886 0.0352980 0.0315560 0.0327967 0.0520243 0.0356104 0.0362328 0.0331082 0.0002527 0.0000000 0.0365463 0.0315558 0.0456867 0.0585054 0.0783621 0.0365477 0.0368598 0.0371723 0.0371727 0.0365475 0.0374855 0.0368611 1.8784661 1.8420288 0.0337365 0.0337327 0.0763692 0.0465716 
ESC_NA4055AA_AS 1.7453224 0.0337404 0.0602339 0.0208484 0.0512884 0.0490964 0.0374519 0.0490729 0.0570222 0.0046792 0.0656569 0.0573406 0.0124127 0.0082284 0.0085321 0.0136200 0.0177679 0.0162772 0.0205166 0.0076383 0.0151358 0.0067448 0.0103398 0.0115232 0.0300437 0.0070430 0.0184315 0.0154344 0.0362335 0.0365463 0.0000000 0.0103357 0.0165718 0.0287752 0.0554205 0.0079411 0.0082388 0.0085383 0.0085347 0.0079397 0.0088287 0.0082339 1.7806955 1.7238550 0.0124258 0.0123996 0.0459236 0.0421386 
ESC_NA4056AA_AS 1.7518046 0.0288116 0.0551350 0.0159773 0.0538251 0.0516304 0.0325083 0.0516035 0.0519441 0.0064496 0.0682360 0.0522612 0.0070285 0.0094233 0.0097298 0.0088108 0.0208234 0.0187103 0.0229670 0.0088355 0.0163441 0.0079386 0.0043935 0.0055673 0.0251286 0.0082385 0.0135811 0.0106075 0.0312455 0.0315558 0.0103357 0.0000000 0.0177848 0.0300140 0.0503523 0.0091393 0.0094380 0.0097384 0.0097336 0.0091380 0.0100262 0.0094316 1.7662502 1.7303804 0.0076286 0.0076183 0.0484470 0.0371534 
ESC_NA4061AA_AS 1.7845476 0.0427640 0.0696749 0.0297055 0.0605938 0.0583845 0.0465207 0.0583488 0.0664134 0.0126474 0.0751627 0.0667354 0.0205040 0.0102384 0.0105434 0.0223432 0.0272179 0.0250656 0.0293852 0.0108519 0.0183801 0.0099576 0.0135548 0.0147404 0.0390231 0.0102564 0.0272399 0.0241835 0.0453681 0.0456867 0.0165718 0.0177848 0.0000000 0.0321627 0.0647875 0.0099589 0.0102551 0.0105532 0.0105479 0.0099576 0.0108374 0.0102481 1.8202743 1.7630429 0.0211290 0.0211077 0.0551623 0.0513014 
ESC_NA4063AA_AS 1.8321579 0.0554390 0.0828814 0.0421838 0.0736243 0.0713928 0.0592515 0.0713413 0.0795551 0.0247655 0.0884531 0.0798818 0.0327994 0.0226190 0.0238387 0.0346644 0.0396806 0.0374711 0.0418784 0.0229217 0.0306329 0.0219981 0.0256928 0.0269155 0.0516443 0.0223064 0.0396614 0.0365341 0.0581794 0.0585054 0.0287752 0.0300140 0.0321627 0.0000000 0.0778978 0.0232312 0.0235388 0.0238469 0.0238429 0.0232307 0.0241437 0.0235342 1.8681443 1.8107128 0.0334257 0.0334215 0.0681071 0.0641497 
ESC_NA4064AA_AS 1.7379968 0.0443523 0.0481627 0.0615732 0.0468798 0.0449997 0.0481223 0.0449820 0.0453113 0.0519302 0.0854255 0.0456269 0.0525873 0.0557550 0.0560597 0.0538510 0.0667659 0.0644539 0.0690225 0.0551004 0.0631120 0.0541507 0.0503495 0.0516262 0.0257006 0.0544672 0.0589760 0.0557580 0.0780256 0.0783621 0.0554205 0.0503523 0.0647875 0.0778978 0.0000000 0.0554173 0.0557340 0.0560509 0.0560562 0.0554172 0.0563822 0.0557419 1.7524505 1.7164503 0.0525827 0.0525996 0.0415327 0.0529256 
ESC_NA4066AA_AS 1.7440901 0.0337427 0.0602296 0.0208553 0.0512861 0.0490946 0.0374530 0.0490711 0.0570186 0.0040947 0.0656516 0.0573369 0.0118161 0.0013104 0.0015699 0.0136288 0.0183864 0.0162856 0.0205236 0.0023774 0.0097220 0.0015554 0.0049718 0.0061560 0.0300471 0.0018258 0.0184392 0.0154430 0.0362350 0.0365477 0.0079411 0.0091393 0.0099589 0.0232312 0.0554173 0.0000000 0.0012891 0.0015572 0.0015640 0.0010236 0.0018479 0.0012975 1.7794275 1.7226389 0.0124346 0.0124083 0.0459226 0.0421385 
ESC_NA4067AA_AS 1.7451169 0.0340511 0.0605482 0.0211604 0.0516014 0.0494096 0.0377624 0.0493857 0.0573360 0.0043842 0.0659716 0.0576544 0.0121164 0.0015811 0.0018424 0.0139303 0.0186912 0.0165888 0.0208292 0.0026569 0.0100210 0.0018275 0.0052646 0.0064496 0.0303548 0.0021007 0.0187431 0.0157453 0.0365470 0.0368598 0.0082388 0.0094380 0.0102551 0.0235388 0.0557340 0.0012891 0.0000000 0.0018291 0.0018361 0.0012900 0.0021229 0.0010316 1.7804581 1.7236679 0.0127355 0.0127089 0.0462364 0.0424503 
ESC_NA4068AA_AS 1.7459765 0.0343599 0.0608669 0.0214663 0.0519168 0.0497248 0.0380720 0.0497005 0.0576535 0.0046753 0.0662917 0.0579719 0.0124181 0.0018531 0.0021164 0.0142330 0.0189968 0.0168930 0.0211354 0.0029381 0.0103216 0.0021014 0.0055593 0.0067451 0.0306628 0.0023774 0.0190478 0.0160486 0.0368593 0.0371723 0.0085383 0.0097384 0.0105532 0.0238469 0.0560509 0.0015572 0.0018291 0.0000000 0.0021100 0.0015581 0.0023992 0.0018383 1.7813167 1.7245318 0.0130376 0.0130108 0.0465504 0.0427624 
ESC_NA4069AA_AS 1.7468188 0.0343595 0.0608732 0.0214615 0.0519211 0.0497286 0.0380727 0.0497042 0.0576591 0.0046786 0.0662992 0.0579776 0.0124119 0.0018602 0.0021236 0.0142266 0.0189913 0.0168869 0.0211305 0.0029447 0.0103163 0.0021086 0.0055606 0.0067441 0.0306612 0.0023845 0.0190422 0.0160424 0.0368596 0.0371727 0.0085347 0.0097336 0.0105479 0.0238429 0.0560562 0.0015640 0.0018361 0.0021100 0.0000000 0.0015649 0.0024064 0.0018454 1.7821823 1.7253637 0.0130313 0.0130045 0.0465534 0.0427644 
ESC_NA4070AA_AS 1.7442573 0.0337424 0.0602296 0.0208547 0.0512860 0.0490945 0.0374528 0.0490710 0.0570186 0.0040943 0.0656516 0.0573369 0.0118150 0.0013114 0.0015707 0.0136278 0.0183857 0.0162848 0.0205230 0.0023779 0.0097207 0.0015563 0.0049710 0.0061548 0.0300468 0.0018267 0.0184385 0.0154421 0.0362348 0.0365475 0.0079397 0.0091380 0.0099576 0.0232307 0.0554172 0.0010236 0.0012900 0.0015581 0.0015649 0.0000000 0.0018487 0.0012984 1.7795994 1.7228041 0.0124335 0.0124072 0.0459224 0.0421383 
ESC_NA4071AA_AS 1.7490876 0.0346672 0.0612030 0.0217586 0.0522439 0.0500502 0.0383832 0.0500254 0.0579863 0.0049771 0.0666325 0.0583050 0.0127031 0.0021472 0.0007682 0.0145181 0.0192868 0.0171802 0.0214278 0.0032399 0.0106083 0.0023982 0.0058590 0.0070392 0.0309661 0.0026765 0.0193369 0.0163346 0.0371721 0.0374855 0.0088287 0.0100262 0.0108374 0.0241437 0.0563822 0.0018479 0.0021229 0.0023992 0.0024064 0.0018487 0.0000000 0.0021321 1.7844904 1.7276188 0.0133225 0.0132956 0.0468724 0.0430796 
ESC_NA4072AA_AS 1.7460306 0.0340513 0.0605575 0.0211547 0.0516079 0.0494154 0.0377640 0.0493915 0.0573443 0.0043884 0.0659825 0.0576628 0.0121085 0.0015902 0.0018516 0.0139223 0.0186844 0.0165812 0.0208233 0.0026656 0.0100141 0.0018367 0.0052662 0.0064481 0.0303534 0.0021100 0.0187363 0.0157375 0.0365482 0.0368611 0.0082339 0.0094316 0.0102481 0.0235342 0.0557419 0.0012975 0.0010316 0.0018383 0.0018454 0.0012984 0.0021321 0.0000000 1.7813950 1.7245716 0.0127274 0.0127009 0.0462411 0.0424537 
ESC_SA8250AA_AS 0.0550883 1.7491104 1.6665821 1.8093812 1.7858530 1.6527902 1.7579067 1.6495989 1.6546335 1.7693970 1.8849525 1.6551667 1.7769954 1.7828549 1.7829358 1.7803486 1.8274145 1.8179313 1.8341941 1.7790845 1.8051721 1.7765068 1.7660485 1.7724947 1.6890292 1.7771944 1.7997379 1.7856971 1.8768411 1.8784661 1.7806955 1.7662502 1.8202743 1.8681443 1.7524505 1.7794275 1.7804581 1.7813167 1.7821823 1.7795994 1.7844904 1.7813950 0.0000000 0.0456182 1.7749343 1.7784150 1.7731449 1.7816788 
ESC_SA8273AA_AS 0.0352759 1.7131967 1.6310873 1.7733062 1.7287848 1.5966322 1.7220635 1.5935670 1.6192276 1.7125763 1.8294799 1.6197721 1.7410244 1.7259783 1.7260858 1.7443915 1.7701770 1.7607505 1.7769647 1.7222702 1.7483358 1.7196771 1.7301811 1.7365604 1.6532712 1.7203767 1.7636932 1.7497541 1.8404165 1.8420288 1.7238550 1.7303804 1.7630429 1.8107128 1.7164503 1.7226389 1.7236679 1.7245318 1.7253637 1.7228041 1.7276188 1.7245716 0.0456182 0.0000000 1.7390198 1.7424113 1.7158868 1.7456140 
ESC_SA8291AA_AS 1.7604432 0.0309621 0.0573824 0.0180878 0.0560638 0.0538653 0.0346689 0.0538355 0.0541800 0.0091292 0.0705211 0.0544979 0.0096932 0.0127153 0.0130256 0.0108906 0.0229552 0.0208305 0.0251054 0.0121295 0.0196714 0.0112253 0.0076319 0.0088107 0.0272692 0.0115276 0.0156803 0.0126957 0.0334248 0.0337365 0.0124258 0.0076286 0.0211290 0.0334257 0.0525827 0.0124346 0.0127355 0.0130376 0.0130313 0.0124335 0.0133225 0.0127274 1.7749343 1.7390198 0.0000000 0.0021302 0.0506705 0.0393367 
ESC_SA8296AA_AS 1.7638771 0.0309547 0.0574038 0.0180628 0.0560840 0.0538834 0.0346663 0.0538535 0.0541984 0.0091111 0.0705541 0.0545166 0.0096730 0.0126887 0.0129989 0.0108669 0.0229365 0.0208089 0.0250898 0.0121035 0.0196483 0.0112008 0.0076215 0.0087941 0.0272567 0.0115026 0.0156535 0.0126692 0.0334206 0.0337327 0.0123996 0.0076183 0.0211077 0.0334215 0.0525996 0.0124083 0.0127089 0.0130108 0.0130045 0.0124072 0.0132956 0.0127009 1.7784150 1.7424113 0.0021302 0.0000000 0.0506855 0.0393397 
ESC_SA8312AA_AS 1.7375321 0.0424623 0.0538955 0.0596339 0.0184195 0.0428098 0.0462241 0.0427952 0.0507034 0.0424699 0.0755595 0.0510208 0.0506744 0.0462490 0.0465550 0.0519353 0.0571107 0.0548355 0.0593451 0.0456082 0.0535273 0.0446670 0.0484445 0.0497166 0.0238621 0.0449808 0.0570453 0.0538376 0.0760339 0.0763692 0.0459236 0.0484470 0.0551623 0.0681071 0.0415327 0.0459226 0.0462364 0.0465504 0.0465534 0.0459224 0.0468724 0.0462411 1.7731449 1.7158868 0.0506705 0.0506855 0.0000000 0.0510096 
ESC_VA0598AA_AS 1.7671058 0.0129522 0.0577346 0.0306641 0.0564129 0.0542107 0.0349722 0.0541804 0.0545260 0.0387094 0.0537608 0.0548445 0.0393358 0.0424593 0.0427651 0.0405811 0.0356029 0.0509781 0.0377711 0.0418261 0.0496871 0.0408907 0.0371526 0.0383973 0.0275545 0.0412026 0.0456041 0.0424568 0.0462542 0.0465716 0.0421386 0.0371534 0.0513014 0.0641497 0.0529256 0.0421385 0.0424503 0.0427624 0.0427644 0.0421383 0.0430796 0.0424537 1.7816788 1.7456140 0.0393367 0.0393397 0.0510096 0.0000000 
